0 0.2 0.2375 0.1296875 0.284375
0 0.34375 0.21796875 0.065625 0.35
0 0.58125 0.24765625 0.1234375 0.39375
0 0.75390625 0.32421875 0.0921875 0.3515625
0 0.6078125 0.6015625 0.1140625 0.3375
0 0.50703125 0.6953125 0.0765625 0.271875
0 0.43046875 0.46328125 0.0984375 0.390625
0 0.36875 0.328125 0.146875 0.2640625
0 0.79375 0.60546875 0.1765625 0.4609375
0 0.24140625 0.73125 0.1390625 0.2796875
0 0.175 0.56875 0.1453125 0.3359375
0 0.1515625 0.35234375 0.125 0.328125
0 0.69296875 0.64296875 0.103125 0.3546875
0 0.5125 0.32578125 0.0859375 0.334375
0 0.63828125 0.3703125 0.096875 0.353125