0 0.90859375 0.31875 0.1453125 0.1453125
0 0.8703125 0.528125 0.1953125 0.128125
0 0.6921875 0.64453125 0.159375 0.1328125
0 0.634375 0.5515625 0.1765625 0.1171875
0 0.64765625 0.76953125 0.2265625 0.1625
0 0.50390625 0.48359375 0.1921875 0.175
0 0.36640625 0.3015625 0.1453125 0.1203125
0 0.23046875 0.28203125 0.15625 0.153125
0 0.3921875 0.175 0.1421875 0.0984375
0 0.50703125 0.2 0.065625 0.1609375
0 0.70234375 0.19296875 0.1171875 0.15
0 0.24375 0.49921875 0.125 0.20625
0 0.27265625 0.65546875 0.1328125 0.1359375
0 0.38359375 0.52421875 0.109375 0.1703125
0 0.4578125 0.778125 0.1 0.1125
0 0.49140625 0.86015625 0.1875 0.0828125
0 0.38203125 0.82734375 0.175 0.1078125
0 0.23671875 0.27734375 0.1453125 0.15625