0 0.4515625 0.2859375 0.3671875 0.20625
0 0.671875 0.1 0.134375 0.2
0 0.77109375 0.384375 0.2984375 0.1328125
0 0.57890625 0.5796875 0.178125 0.3015625
0 0.896875 0.8140625 0.20625 0.334375
0 0.4109375 0.56484375 0.2125 0.259375
0 0.2375 0.5640625 0.3 0.221875
0 0.24609375 0.428125 0.378125 0.1578125
0 0.26875 0.1171875 0.265625 0.2296875
0 0.90390625 0.13828125 0.1921875 0.1796875
0 0.55546875 0.86796875 0.2640625 0.2640625
0 0.4640625 0.7828125 0.140625 0.3140625
0 0.325 0.790625 0.1796875 0.3671875
0 0.203125 0.7421875 0.203125 0.25