0 0.37890625 0.27421875 0.1203125 0.1171875
0 0.2859375 0.20546875 0.1703125 0.125
0 0.490625 0.1703125 0.14375 0.0921875
0 0.5625 0.22734375 0.1140625 0.134375
0 0.515625 0.5890625 0.165625 0.159375
0 0.62265625 0.73984375 0.10625 0.184375
0 0.71171875 0.7140625 0.171875 0.1640625
0 0.87890625 0.515625 0.146875 0.1984375
0 0.3015625 0.8421875 0.196875 0.2078125
0 0.06640625 0.5515625 0.125 0.18125
0 0.13125 0.3828125 0.128125 0.1859375
0 0.36875 0.4703125 0.2375 0.1171875
0 0.7125 0.45625 0.20625 0.1328125
0 0.2890625 0.6 0.184375 0.1484375