0 0.44140625 0.49375 0.2328125 0.1234375
0 0.52734375 0.6953125 0.2171875 0.1
0 0.52890625 0.81875 0.1 0.1453125
0 0.60859375 0.76484375 0.10625 0.15625
0 0.7578125 0.77109375 0.128125 0.1265625
0 0.8171875 0.65703125 0.1359375 0.153125
0 0.7 0.63046875 0.165625 0.125
0 0.2140625 0.71640625 0.115625 0.2
0 0.3328125 0.728125 0.0859375 0.1609375
0 0.33125 0.55234375 0.2125 0.090625
0 0.234375 0.40859375 0.15625 0.1140625
0 0.5609375 0.25859375 0.16875 0.0734375
0 0.70859375 0.31484375 0.134375 0.1140625