0 0.74765625 0.284375 0.35 0.446875
0 0.75078125 0.70390625 0.134375 0.0984375
0 0.64453125 0.66953125 0.115625 0.1015625
0 0.50859375 0.7265625 0.18125 0.0734375
0 0.37734375 0.69375 0.1859375 0.121875
0 0.41328125 0.5984375 0.1453125 0.1046875
0 0.3546875 0.415625 0.1171875 0.178125
0 0.4640625 0.26875 0.125 0.1515625
0 0.3109375 0.27734375 0.178125 0.153125
0 0.2390625 0.4328125 0.165625 0.1140625
0 0.2640625 0.57890625 0.1828125 0.09375
0 0.49609375 0.39921875 0.16875 0.1140625
0 0.75 0.7078125 0.1578125 0.1046875
0 0.6328125 0.79453125 0.14375 0.1609375
0 0.81015625 0.5484375 0.1375 0.1140625
0 0.84296875 0.6046875 0.1421875 0.1140625