0 0.52109375 0.70234375 0.1875 0.121875
0 0.19765625 0.72734375 0.128125 0.1828125
0 0.52890625 0.81875 0.1046875 0.1609375
0 0.76796875 0.7609375 0.1328125 0.1140625
0 0.8078125 0.6515625 0.18125 0.15
0 0.33671875 0.740625 0.1078125 0.14375
0 0.21875 0.4125 0.1125 0.1265625
0 0.428125 0.47421875 0.1875 0.1125
0 0.70859375 0.31875 0.1453125 0.1015625
0 0.83359375 0.5375 0.159375 0.1109375
0 0.69375 0.63046875 0.16875 0.115625
0 0.60859375 0.54765625 0.1484375 0.05625
0 0.55 0.25703125 0.19375 0.1
0 0.315625 0.5453125 0.178125 0.0828125
0 0.3953125 0.61484375 0.115625 0.1453125
0 0.3375 0.32734375 0.1546875 0.1546875