0 0.48828125 0.4484375 0.2453125 0.1453125
0 0.31484375 0.171875 0.203125 0.13125
0 0.5375 0.1359375 0.1890625 0.084375
0 0.203125 0.3578125 0.1375 0.2
0 0.1703125 0.5296875 0.0984375 0.184375
0 0.49296875 0.8328125 0.215625 0.2109375
0 0.59375 0.5828125 0.115625 0.1625
0 0.79140625 0.68046875 0.1265625 0.190625
0 0.90859375 0.65390625 0.1828125 0.1921875
0 0.84609375 0.396875 0.1984375 0.1
0 0.6921875 0.57265625 0.1453125 0.1453125
0 0.4875 0.65703125 0.134375 0.1875
0 0.4546875 0.6046875 0.2109375 0.1734375