0 0.46171875 0.30078125 0.3890625 0.2078125
0 0.27890625 0.43046875 0.3609375 0.1703125
0 0.56015625 0.58515625 0.2046875 0.3109375
0 0.65625 0.10703125 0.1328125 0.2015625
0 0.88125 0.80625 0.2265625 0.35
0 0.58046875 0.87265625 0.2625 0.2546875
0 0.31796875 0.77578125 0.18125 0.309375
0 0.07109375 0.7890625 0.1421875 0.384375
0 0.76015625 0.3875 0.2609375 0.165625
0 0.8953125 0.31875 0.209375 0.253125
0 0.8703125 0.61484375 0.2578125 0.2109375
0 0.7578125 0.4703125 0.2296875 0.2015625
0 0.9109375 0.1703125 0.178125 0.1625
0 0.28515625 0.13046875 0.278125 0.2359375